# Doppelspalt Messung mit
#Abstand/mm | I /µA
24.2   1.6
24     1.2
23.75  0.45
23.5   0.32
23.25  0.88
23     1.15
22.75  0.4
22.5   0.28
22.25  0.175
22     0.32
21.75  0.4
21.5   0.255
21.25  0.085
21     0.046
20.75  0.052
20.5   0.042
20.25  0.022
20     0.0099
19.75  0.019
19.5   0.046
19.25  0.064
19     0.045
18.75  0.013
18.5   0.028
18.25  0.055
18     0.066
17.75  0.042
17.5   0.017
17.25  0.014
17     0.022
16.75  0.0225
16.5   0.0125
16.25  0.0064
16     0.0084
15.75  0.018
15.5   0.0245
15.25  0.018
15     0.084
14.75  0.015
14.5   0.0225
14.25  0.026
14     0.016
13.75  0.075
13.5   0.084
13.25  0.0115
13     0.0105
12.75  0.0064
12.5   0.0038
24.5   1.15
24.75  0.35
25     0.33
25.25  0.88
25.5   1.05
25.75  0.7
26     0.19
26.25  0.14
26.5   0.295
26.75  0.31
27     0.165
27.25  0.05
27.5   0.027
27.75  0.036
28     0.0285
28.25  0.019
28.5   0.001
28.75  0.0235
29     0.05
29.25  0.065
29.5   0.046
29.75  0.0165
30     0.0215
30.25  0.046
30.5   0.056
30.75  0.032
31     0.0098
31.25  0.0074
31.5   0.0145
31.75  0.0155
32     0.0096
32.25  0.0046
32.5   0.0076
32.75  0.019
33     0.026
33.25  0.0185
33.5   0.007
33.75  0.0096
34     0.024
34.25  0.028
34.5   0.016
34.75  0.048
35     0.005
