# Erste Messung am Spalt mit b =0.15 mm
#Abstand /mm | I/µA
24    0.44
23.75 0.46
23.5  0.45
23.25 0.44
23    0.41
22.75 0.38
22.5  0.33
22    0.26
21.5  0.165
21    0.085
20.5  0.04
20    0.0145
19.5  0.0092
19    0.0155
18.75 0.02
18.5  0.0245
18.25 0.028
18    0.0295
17.75 0.028
17.5  0.026
17.25 0.0255
17    0.024
16    0.0092
15    0.0088
14.5  0.0115
14    0.0165
13.5  0.0165
13    0.012
12.5  0.0082
12    0.0052
11.5  0.004
24.25 0.44
24.5  0.42
24.75 0.37
25    0.33
25.25 0.29
25.5  0.27
25.75 0.24
26    0.17
27    0.042
27.5  0.0155
28    0.045
28.5  0.057
29    0.0105
29.25 0.013
29.5  0.0145
29.75 0.015
30    0.0145
30.25 0.013
30.5  0.0115
31    0.0076
32    0.0036
32.5  0.0046
33    0.0064
33.5  0.0075
34    0.0074
34.5  0.0062
35    0.0043
36    0.0024
