# Zweite Messung am Spalt mit b= 0.075 mm
#Abstand /mm | I/µA
24.3  0.155
24    0.155
23.75 0.155
23.5  0.155
23.25 0.155
23    0.15
22.75 0.145
22.5  0.14
22.25 0.14
22    0.135
21.75 0.135
21.5  0.115
21.25 0.11
21    0.1
20    0.076
19    0.045
17    0.0098
16    0.0046
15    0.0054
14    0.0086
13    0.0105
12.5  0.011
12    0.0105
11    0.0086
9     0.0029
7     0.0018
6     0.0028
5     0.0038
4     0.0040
3     0.0034
2     0.0022
1     0.0017
25    0.14
25.5  0.13
26    0.11
26.5  0.1
27    0.089
27.5  0.073
28    0.058
29    0.03
30    0.0135
32    0.002
33    0.003
34    0.0054
34.5  0.0064
35    0.0069
35.5  0.007
36    0.0066
36.5  0.0062
37.5  0.004
39    0.0019
41    0.0012
42    0.0015
43    0.0018
44    0.0019
45    0.0017
46    0.0013
47    0.0009
48    0.0008
