# Der Winkel von Messung 2
0.000000000000000000e+00
3.000000000000007327e-04
5.500000000000006837e-04
8.000000000000006889e-04
1.050000000000000802e-03
1.300000000000000808e-03
1.550000000000000813e-03
1.800000000000000818e-03
2.050000000000000606e-03
2.300000000000000829e-03
2.550000000000000617e-03
2.800000000000000839e-03
3.050000000000000627e-03
3.300000000000000849e-03
4.300000000000000870e-03
5.300000000000000891e-03
7.300000000000000933e-03
8.300000000000000086e-03
9.300000000000000974e-03
1.030000000000000013e-02
1.130000000000000102e-02
1.180000000000000146e-02
1.230000000000000017e-02
1.330000000000000106e-02
1.530000000000000110e-02
1.729999999999999941e-02
1.830000000000000029e-02
1.930000000000000118e-02
2.030000000000000207e-02
2.129999999999999949e-02
2.230000000000000038e-02
2.330000000000000127e-02
-6.999999999999993424e-04
-1.199999999999999244e-03
-1.699999999999999255e-03
-2.199999999999999265e-03
-2.699999999999999276e-03
-3.199999999999999286e-03
-3.699999999999999296e-03
-4.699999999999999317e-03
-5.699999999999999338e-03
-7.699999999999999380e-03
-8.699999999999999400e-03
-9.699999999999998554e-03
-1.019999999999999900e-02
-1.069999999999999944e-02
-1.119999999999999989e-02
-1.169999999999999860e-02
-1.219999999999999904e-02
-1.319999999999999993e-02
-1.469999999999999953e-02
-1.669999999999999957e-02
-1.770000000000000046e-02
-1.869999999999999787e-02
-1.969999999999999876e-02
-2.069999999999999965e-02
-2.170000000000000054e-02
-2.269999999999999796e-02
-2.369999999999999885e-02
