# Der Winkel von Messung 1
-2.500000000000000052e-04
0.000000000000000000e+00
2.500000000000000052e-04
5.000000000000000104e-04
7.500000000000000156e-04
1.000000000000000021e-03
1.250000000000000026e-03
1.750000000000000036e-03
2.249999999999999830e-03
2.749999999999999840e-03
3.249999999999999851e-03
3.749999999999999861e-03
4.250000000000000305e-03
4.749999999999999882e-03
5.000000000000000104e-03
5.250000000000000326e-03
5.499999999999999681e-03
5.749999999999999903e-03
6.000000000000000125e-03
6.250000000000000347e-03
6.499999999999999702e-03
6.749999999999999924e-03
7.749999999999999944e-03
8.750000000000000833e-03
9.249999999999999542e-03
9.749999999999999986e-03
1.025000000000000043e-02
1.074999999999999914e-02
1.124999999999999958e-02
1.175000000000000003e-02
1.225000000000000047e-02
-5.000000000000000104e-04
-7.500000000000000156e-04
-1.000000000000000021e-03
-1.250000000000000026e-03
-1.500000000000000031e-03
-1.750000000000000036e-03
-2.000000000000000042e-03
-2.249999999999999830e-03
-3.249999999999999851e-03
-3.749999999999999861e-03
-4.250000000000000305e-03
-4.749999999999999882e-03
-5.250000000000000326e-03
-5.499999999999999681e-03
-5.749999999999999903e-03
-6.000000000000000125e-03
-6.250000000000000347e-03
-6.499999999999999702e-03
-6.749999999999999924e-03
-7.250000000000000368e-03
-8.250000000000000389e-03
-8.750000000000000833e-03
-9.249999999999999542e-03
-9.749999999999999986e-03
-1.025000000000000043e-02
-1.074999999999999914e-02
-1.124999999999999958e-02
-1.225000000000000047e-02
