# Der Winkel von Messung 3
0.000000000000000000e+00
1.999999999999992777e-04
4.499999999999992830e-04
6.999999999999993424e-04
9.499999999999992392e-04
1.199999999999999244e-03
1.449999999999999250e-03
1.699999999999999255e-03
1.949999999999999260e-03
2.199999999999999265e-03
2.449999999999999487e-03
2.699999999999999276e-03
2.949999999999999498e-03
3.199999999999999286e-03
3.449999999999999074e-03
3.699999999999999296e-03
3.949999999999999518e-03
4.199999999999998873e-03
4.449999999999999095e-03
4.699999999999999317e-03
4.949999999999999539e-03
5.199999999999998894e-03
5.449999999999999116e-03
5.699999999999999338e-03
5.949999999999999560e-03
6.199999999999998915e-03
6.449999999999999137e-03
6.699999999999999359e-03
6.949999999999999581e-03
7.199999999999998936e-03
7.449999999999999158e-03
7.699999999999999380e-03
7.949999999999998734e-03
8.199999999999998956e-03
8.449999999999999178e-03
8.699999999999999400e-03
8.949999999999999623e-03
9.199999999999999845e-03
9.450000000000000067e-03
9.699999999999998554e-03
9.949999999999998776e-03
1.019999999999999900e-02
1.044999999999999922e-02
1.069999999999999944e-02
1.094999999999999966e-02
1.119999999999999989e-02
1.145000000000000011e-02
1.169999999999999860e-02
-3.000000000000007327e-04
-5.500000000000006837e-04
-8.000000000000006889e-04
-1.050000000000000802e-03
-1.300000000000000808e-03
-1.550000000000000813e-03
-1.800000000000000818e-03
-2.050000000000000606e-03
-2.300000000000000829e-03
-2.550000000000000617e-03
-2.800000000000000839e-03
-3.050000000000000627e-03
-3.300000000000000849e-03
-3.550000000000000638e-03
-3.800000000000000860e-03
-4.050000000000000648e-03
-4.300000000000000870e-03
-4.550000000000001092e-03
-4.800000000000000447e-03
-5.050000000000000669e-03
-5.300000000000000891e-03
-5.550000000000001113e-03
-5.800000000000000468e-03
-6.050000000000000690e-03
-6.300000000000000912e-03
-6.550000000000001134e-03
-6.800000000000000488e-03
-7.050000000000000711e-03
-7.300000000000000933e-03
-7.550000000000000287e-03
-7.800000000000000509e-03
-8.049999999999999864e-03
-8.300000000000000086e-03
-8.550000000000000308e-03
-8.800000000000000530e-03
-9.050000000000000752e-03
-9.300000000000000974e-03
-9.550000000000001196e-03
-9.800000000000001418e-03
-1.004999999999999991e-02
-1.030000000000000013e-02
-1.055000000000000035e-02
-1.080000000000000057e-02
