# puls
6993
6622
6776
6484
6369
6757
6911
6303
6449
6634
6463
6612
6873
6438
6711
6508
6402
6682
6705
6349
6959
6900
6896
6562
6710
6490
6451
6955
6531
6315
6774
6466
6468
6366
6417
6743
6470
6768
6671
6821
6529
7055
6378
6847
6582
6353
6933
6811
6935
6355
6711
6837
6652
6804
6204
6567
6900
6202
6796
7033
6741
6772
6247
6952
6956
6912
6777
6288
6889
6357
6643
6362
6952
6641
6666
6653
6324
6568
6633
6703
6875
6842
6789
6822
6539
6459
6566
6999
6868
6835
6624
6612
6705
6499
6903
6481
6776
6990
6689
6788
